6227020800
2658271574788448768043625811014615890319638528000000000
608281864034267560872252163321295376887552831379210240000000000
403291461126605635584000000
1405006117752879898543142606244511569936384000000000
10333147966386144929666651337523200000000
39916800
263130836933693530167218012160000000
523022617466601111760007224100074291200000000
25852016738884976640000
6227020800
8841761993739701954543616000000
121645100408832000
121645100408832000
15511210043330985984000000
355687428096000
355687428096000
523022617466601111760007224100074291200000000
87178291200
8683317618811886495518194401280000000